[220, 284]
[562, 284, 220]
[1064, 1336, 1184, 1210]
[1188, 2172, 2924, 2620]
[1308, 1772, 1336, 1184, 1210]
[1380, 2652, 4404, 5900, 7120, 9620, 12724, 9550, 8306, 4156, 3124, 2924, 2620]
[1420, 1604, 1210, 1184]
[1490, 1210, 1184]
[1690, 1604, 1210, 1184]
[1692, 2676, 3596, 3124, 2924, 2620]
[1816, 1604, 1210, 1184]
[1898, 1210, 1184]
[2008, 1772, 1336, 1184, 1210]
[2122, 1064, 1336, 1184, 1210]
[2152, 1898, 1210, 1184]
[2362, 1184, 1210]
[2542, 1490, 1210, 1184]
[2630, 2122, 1064, 1336, 1184, 1210]
[2678, 1690, 1604, 1210, 1184]
[2930, 2362, 1184, 1210]
[2950, 2630, 2122, 1064, 1336, 1184, 1210]
[2974, 1490, 1210, 1184]
[3162, 3750, 5622, 5634, 6612, 10188, 15656, 15544, 15056, 14146, 9038, 4522, 4118, 2362, 1184, 1210]
[3202, 1604, 1210, 1184]
[3278, 2122, 1064, 1336, 1184, 1210]
[3286, 1898, 1210, 1184]
[3332, 3850, 5078, 2542, 1490, 1210, 1184]
[3350, 2974, 1490, 1210, 1184]
[3712, 3938, 2542, 1490, 1210, 1184]
[3944, 4156, 3124, 2924, 2620]
[4180, 5900, 7120, 9620, 12724, 9550, 8306, 4156, 3124, 2924, 2620]
[4372, 3286, 1898, 1210, 1184]
[4448, 4372, 3286, 1898, 1210, 1184]
[4790, 3850, 5078, 2542, 1490, 1210, 1184]
[4840, 7130, 6694, 3350, 2974, 1490, 1210, 1184]
[4930, 4790, 3850, 5078, 2542, 1490, 1210, 1184]
[5020, 5564]
[5024, 4930, 4790, 3850, 5078, 2542, 1490, 1210, 1184]
[5150, 4522, 4118, 2362, 1184, 1210]
[5234, 2620, 2924]
[5380, 5960, 7540, 10100, 12034, 7694, 3850, 5078, 2542, 1490, 1210, 1184]
[5630, 4522, 4118, 2362, 1184, 1210]
[5854, 2930, 2362, 1184, 1210]
[5890, 5630, 4522, 4118, 2362, 1184, 1210]
[5942, 2974, 1490, 1210, 1184]
[6028, 5564, 5020]
[6036, 8076, 10796, 8104, 7106, 5854, 2930, 2362, 1184, 1210]
[6232, 6368]
[6242, 3124, 2924, 2620]
[6280, 7940, 8776, 7694, 3850, 5078, 2542, 1490, 1210, 1184]
[6532, 5564, 5020]
[6658, 3332, 3850, 5078, 2542, 1490, 1210, 1184]
[6808, 6872, 6028, 5564, 5020]
[6876, 10596, 14156, 10624, 10796, 8104, 7106, 5854, 2930, 2362, 1184, 1210]
[7006, 3938, 2542, 1490, 1210, 1184]
[7180, 7940, 8776, 7694, 3850, 5078, 2542, 1490, 1210, 1184]
[7186, 3596, 3124, 2924, 2620]
[7294, 5234, 2620, 2924]
[7418, 3712, 3938, 2542, 1490, 1210, 1184]
[7514, 5380, 5960, 7540, 10100, 12034, 7694, 3850, 5078, 2542, 1490, 1210, 1184]
[7520, 10624, 10796, 8104, 7106, 5854, 2930, 2362, 1184, 1210]
[7796, 5854, 2930, 2362, 1184, 1210]
[7930, 7694, 3850, 5078, 2542, 1490, 1210, 1184]
[8320, 13100, 15544, 15056, 14146, 9038, 4522, 4118, 2362, 1184, 1210]
[8354, 4180, 5900, 7120, 9620, 12724, 9550, 8306, 4156, 3124, 2924, 2620]
[8480, 11932, 10188, 15656, 15544, 15056, 14146, 9038, 4522, 4118, 2362, 1184, 1210]
[8924, 7540, 10100, 12034, 7694, 3850, 5078, 2542, 1490, 1210, 1184]
[9068, 6808, 6872, 6028, 5564, 5020]
[9322, 5078, 2542, 1490, 1210, 1184]
[9332, 7006, 3938, 2542, 1490, 1210, 1184]
[9370, 7514, 5380, 5960, 7540, 10100, 12034, 7694, 3850, 5078, 2542, 1490, 1210, 1184]
[9464, 12496, 14288, 15472, 14536, 14264]
[9484, 7120, 9620, 12724, 9550, 8306, 4156, 3124, 2924, 2620]
[9572, 7186, 3596, 3124, 2924, 2620]
[9574, 4790, 3850, 5078, 2542, 1490, 1210, 1184]
[10042, 5024, 4930, 4790, 3850, 5078, 2542, 1490, 1210, 1184]
[10070, 9370, 7514, 5380, 5960, 7540, 10100, 12034, 7694, 3850, 5078, 2542, 1490, 1210, 1184]
[10178, 7294, 5234, 2620, 2924]
[10294, 5150, 4522, 4118, 2362, 1184, 1210]
[10312, 9038, 4522, 4118, 2362, 1184, 1210]
[10462, 5234, 2620, 2924]
[10678, 6242, 3124, 2924, 2620]
[10742, 5890, 5630, 4522, 4118, 2362, 1184, 1210]
[10744, 10856]
[11092, 9068, 6808, 6872, 6028, 5564, 5020]
[11186, 9550, 8306, 4156, 3124, 2924, 2620]
[11242, 10070, 9370, 7514, 5380, 5960, 7540, 10100, 12034, 7694, 3850, 5078, 2542, 1490, 1210, 1184]
[11260, 12428, 11092, 9068, 6808, 6872, 6028, 5564, 5020]
[11398, 6242, 3124, 2924, 2620]
[11518, 7130, 6694, 3350, 2974, 1490, 1210, 1184]
[11630, 9322, 5078, 2542, 1490, 1210, 1184]
[11702, 5854, 2930, 2362, 1184, 1210]
[11768, 10312, 9038, 4522, 4118, 2362, 1184, 1210]
[11794, 5900, 7120, 9620, 12724, 9550, 8306, 4156, 3124, 2924, 2620]
[11878, 5942, 2974, 1490, 1210, 1184]
[11966, 6658, 3332, 3850, 5078, 2542, 1490, 1210, 1184]
[11986, 7418, 3712, 3938, 2542, 1490, 1210, 1184]
[12032, 12496, 14288, 15472, 14536, 14264]
[12142, 7514, 5380, 5960, 7540, 10100, 12034, 7694, 3850, 5078, 2542, 1490, 1210, 1184]
[12285, 14595]
[12308, 10624, 10796, 8104, 7106, 5854, 2930, 2362, 1184, 1210]
[12314, 6694, 3350, 2974, 1490, 1210, 1184]
[12458, 6232, 6368]
[12484, 9370, 7514, 5380, 5960, 7540, 10100, 12034, 7694, 3850, 5078, 2542, 1490, 1210, 1184]
[12554, 6280, 7940, 8776, 7694, 3850, 5078, 2542, 1490, 1210, 1184]
[12682, 7514, 5380, 5960, 7540, 10100, 12034, 7694, 3850, 5078, 2542, 1490, 1210, 1184]
[12752, 11986, 7418, 3712, 3938, 2542, 1490, 1210, 1184]
[13058, 6532, 5564, 5020]
[13186, 7694, 3850, 5078, 2542, 1490, 1210, 1184]
[13282, 7418, 3712, 3938, 2542, 1490, 1210, 1184]
[13334, 7186, 3596, 3124, 2924, 2620]
[13382, 6694, 3350, 2974, 1490, 1210, 1184]
[13496, 15544, 15056, 14146, 9038, 4522, 4118, 2362, 1184, 1210]
[13738, 6872, 6028, 5564, 5020]
[13786, 7418, 3712, 3938, 2542, 1490, 1210, 1184]
[13923, 12285, 14595]
[14032, 13186, 7694, 3850, 5078, 2542, 1490, 1210, 1184]
[14042, 11878, 5942, 2974, 1490, 1210, 1184]
[14194, 7694, 3850, 5078, 2542, 1490, 1210, 1184]
[14206, 7106, 5854, 2930, 2362, 1184, 1210]
[14228, 10678, 6242, 3124, 2924, 2620]
[14254, 7130, 6694, 3350, 2974, 1490, 1210, 1184]
[14338, 7694, 3850, 5078, 2542, 1490, 1210, 1184]
[14354, 7180, 7940, 8776, 7694, 3850, 5078, 2542, 1490, 1210, 1184]
[14416, 15716, 11794, 5900, 7120, 9620, 12724, 9550, 8306, 4156, 3124, 2924, 2620]
[14696, 15544, 15056, 14146, 9038, 4522, 4118, 2362, 1184, 1210]
[14752, 14354, 7180, 7940, 8776, 7694, 3850, 5078, 2542, 1490, 1210, 1184]
[14816, 14416, 15716, 11794, 5900, 7120, 9620, 12724, 9550, 8306, 4156, 3124, 2924, 2620]
[15034, 7520, 10624, 10796, 8104, 7106, 5854, 2930, 2362, 1184, 1210]
[15074, 7540, 10100, 12034, 7694, 3850, 5078, 2542, 1490, 1210, 1184]
[15188, 11398, 6242, 3124, 2924, 2620]
[15382, 7694, 3850, 5078, 2542, 1490, 1210, 1184]
[15476, 12496, 14288, 15472, 14536, 14264]
[15586, 7796, 5854, 2930, 2362, 1184, 1210]
[15622, 8354, 4180, 5900, 7120, 9620, 12724, 9550, 8306, 4156, 3124, 2924, 2620]
[15670, 12554, 6280, 7940, 8776, 7694, 3850, 5078, 2542, 1490, 1210, 1184]
[15830, 12682, 7514, 5380, 5960, 7540, 10100, 12034, 7694, 3850, 5078, 2542, 1490, 1210, 1184]
[15854, 7930, 7694, 3850, 5078, 2542, 1490, 1210, 1184]
[15874, 7940, 8776, 7694, 3850, 5078, 2542, 1490, 1210, 1184]
[15998, 9322, 5078, 2542, 1490, 1210, 1184]
